1 1 0 0
2 1 1 0
3 1 2 0
4 1 3 0
5 1 3 1
6 1 3 2
7 1 3 3
8 1 4 0
9 1 5 0
10 2 0 0
11 2 1 0
12 2 2 0
13 2 3 0
14 2 4 0
15 2 5 0
16 2 6 0
17 2 7 0
18 2 8 0
19 3 0 0
20 3 1 0
21 3 2 0
22 3 3 0
23 3 4 0
24 3 4 1
25 3 4 2
26 3 5 0
27 4 0 0
28 4 1 0
29 4 1 1
30 4 1 2
31 4 2 0
32 4 3 0
33 4 3 1
34 4 3 2
35 5 0 0
36 5 1 0
37 5 2 0
38 5 3 0
39 6 0 0
40 6 1 0
41 6 2 0
42 6 2 1
43 6 2 2
44 6 2 3
45 6 2 4
46 6 3 0
47 6 3 1
48 6 3 2
49 6 3 3
50 7 0 0
51 7 1 0
52 7 2 0
53 7 3 0
54 7 4 0
55 7 5 0
56 7 6 0
57 7 7 0
58 7 8 0
59 7 9 0
60 8 0 0
61 8 1 0
62 8 2 0
63 8 2 1
64 8 2 2
65 8 2 3
66 8 2 4
67 8 3 0
68 8 3 1
69 8 3 2
70 8 3 3
71 8 3 4